224947
224948
224949
224950
224951
224952
224953
224954
224955
224956
224957
224958
225013
225014
225015
225017
225019
225021
225022
225024
225025
225026
225027
225029
225030
225031
225032
225033
225034
225035
225036
225037
225038
225039
225040
225041
225042
225045
225046
225047
225050
225051
225052
225054
225055
225057
225058
225060
225061
225062
225063
225064
225065
225067
225068
225069
225070
225071
225072
225073
225074
225075
225076
225077
225078
225079
225080
225081
225082
225083
225084
225085
225086
225087
225088
225089
225090
225091
225092
225093
225094
225095
225096
225097
225104
225106
225110
225113
225118
225122
225125
225126
225128
225129
225130
225132
225133
225134
225135
225136
225137
225138
225139
225140
225141
225142
225143
225145
225146
225147
225148
225149
225150
225151
225152
225153
225154
225155
225156
225157
225158
225159
225161
225162
225163
225164
225165
225166
225167
225168
225169
225170
225171
225172
225174
225176
225177
225178
225179
225181
225184
225185
225187
225188
225190
225191
225192
225193
225194
225196
225200
225202
225204
225206
225208
225209
225211
225215
225218
225219
225220
225222
225223
225224
225225
225226
225227
225228
225229
225232
225234
225237
225238
225240
225242
225244
225245
225247
225248
225250
225251
225254
225255
225256
225257
225258
225259
225260
225261
225262
225263
225265
225266
225267
225268
225269
225270
225271
225272
225273
225274
225275
225276
225277
225278
225280
225281
225282
225283
225286
225287
225289
225291
225293
225295
225296
225297
225298
225299
225300
225301
225302
225303
225304
225305
225306
225307
225308
225309
225310
225311
225312
225313
225314
225315
225316
225317
225318
225319
225320
225321
225322
225323
225324
225325
225326
225327
225328
225329
225330
225331
225332
225333
225334
225335
225336
225337
225338
225339
225340
225341
225342
225343
225344
225345
225346
225347
225348
225349
225350
225351
225352
225353
225354
225356
225357
225358
225359
225360
225361
225362
225363
225364
225365
225366
225367
225368
225369
225370
225371
225372
225373
225374
225376
225501
225502
225503
225504
225505
225506
225507
225508
225509
225510
225511
225512
225513
225514
225515
225516
225517
225518
225519
225520
225521
225522
225523
225524
225525
225526
225527
225528
225529
225530
225532
225533
225534
225537
225539
225541
225542
225544
225545
225546
225547
225549
225551
225552
225556
225559
225561
225566
225567
225568
225570
225571
225572
225573
225574
225575
225576
225577
225578
225579
225585
225586
225589
225592
225593
225594
225595
225597
225600
225602
225603
225605
225607
225608
225609
225610
225611
225612
225613
225614
225615
225616
225617
225618
225619
225620
225621
225622
225623
225624
225625
225626
225627
225628
225629
225630
225631
225632
225633
225634
225635
225636
225637
225638
225639
225640
225641
225642
225644
225645
225648
225649
225650
225651
225652
225653
225654
225655
225656
225657
225659
225661
225662
225665
225666
225667
225670
225672
225673
225674
225676
225677
225680
225681
225682
225684
225685
225686
225688
225689
225690
225692
225693
225694
225695
225697
225698
225699
225700
225701
225703
225704
225705
225706
225707
225708
225709
225711
225712
225714
225715
225716
225717
225718
225719
225720
225722
225724
225726
225728
225729
225730
225732
225733
225734
225735
225736
225737
225738
225739
225740
225741
225742
225743
225744
225746
225749
225750
225751
225752
225753
225754
225756
225757
225759
225760
225761
225762
225763
225764
225765
225767
225769
225770
225771
225773
225774
225775
225776
225777
225779
225780
225781
225782
225783
225784
225785
225786
225787
225788
225789
225790
225791
225792
225793
225794
225795
225796
225797
225798
225799
225800
225801
225802
225803
225804
225805
225806
225807
225808
225809
225810
225811
225812
225813
225814
225815
225816
225817
225818
225819
225820
225821
225822
225823
225824
225825
225826
225827
225828
225829
225830
225831
225832
225833
225834
225835
225836
225837
225838
225839
225840
225841
225842
225843
225844
225845
225846
225847
225848
225849
225850
225851
225852
225853
225854
225855
225856
225857
225858
225859
225860
225861
225862
225863
225864
225865
225866
225867
225868
225869
225870
225871
225872
225873
225874
225875
225876
225877
225878
225879
225880
225881
225882
225883
225884
225885
225886
225887
225888
225889
225890
225891
225892
225893
225894
225895
225896
225897
225898
225899
225900
225901
225902
225903
225904
225905
225906
225907
225908
225909
225910
225911
225912
225913
225914
225915
225916
225917
225918
225919
225920
225921
225922
225923
225924
225925
225926
225927
225928
225929
225930
225931
225932
225933
225934
225935
225936
225937
225938
225939
225940
225941
225942
225943
225944
225945
225946
225947
225948
225949
225950
225951
225952
225953
225954
225955
225956
225957
225958
225959
225960
225961
225962
225963
225964
225965
225966
225967
225968
225969
225970
225971
225972
225973
225974
225975
225976
225977
225978
225979
225980
225981
225982
225983
225984
225985
225986
225987
225988
225989
225990
225991
225992
225993
225994
225995
225996
225997
225998
225999
226000
226001
226002
226003
226004
226005
226006
226007
226008
226009
226010
226011
226012
226013
226014
226015
226016
226017
226018
226019
226020
226021
226022
226023
226024
226025
226026
226027
226028
226029
226030
226031
226032
226033
226034
226035
226036
226037
226038
226039
226040
226041
226042
226043
226044
226045
226046
226047
226048
226049
226050
226051
226052
226053
226054
226055
226056
226057
226058
226059
226060
226061
226062
226063
226064
226065
226066
226067
226068
226069
226070
226071
226072
226073
226074
226075
226076
226077
226078
226079
226080
226081
226082
226083
226084
226085
226086
226087
226088
226089
226090
226091
226092
226093
226094
226095
226096
226097
226098
229478
229749
229750
229756
229763
229765
229767
229768
229770
229799
236525
236527
237690
237691
237692
237693
237694
237695
237696
237697
237698
237699
237700
237701
237702
237703
237704
237705
237706
237707
237708
237709
237710
237711
237712
237713
237714
237715
237716
237717
237718
237719
237720
237721
237722
237723
237724
237725
237726
237729
237730
237731
237732
237733
237734
237735
237736
237737
237738
237739
237740
237741
237742
237743
237744
237745
237746
237747
237748
237749
237751
237752
237753
237754
237757
237759
237760
237761
237762
237764
237765
237766
237767
237768
237769
237770
237772
237773
237774
237775
237776
237777
237778
237779
237780
237781
237782
237783
237784
237786
237787
237788
237789
237790
237791
237792
237793
237794
237795
237796
237797
237798
237799
237800
237801
237802
237803
237804
237805
237806
237807
237808
237809
237810
237811
237812
237813
237814
237815
237816
237817
237818
237819
237820
237821
237822
237823
237824
237825
237826
237827
237828
237829
237830
237832
237833
237834
237835
237836
237837
237840
237841
237842
237843
237844
237845
237846
237847
237848
237849
237850
237851
237852
237853
237854
237855
237856
237857
237858
237861
237862
237864
237865
237866
237867
237868
237869
237870
237871
237872
237873
237874
237875
237876
237877
237878
237879
237880
237881
237882
237883
237884
237885
237886
237887
237888
237889
237892
237893
237894
237895
237896
237897
237898
237899
237900
237901
237902
237903
237904
237905
237906
237907
237908
237909
237910
237911
237912
237913
237914
237915
237916
237917
237918
237919
237920
237921
237922
237923
237926
237928
237929
237930
237931
237932
237933
237934
237935
237936
237937
237938
237939
237941
237942
237945
237946
237947
237948
237949
237950
237951
237952
237953
237954
237955
237956
237957
237958
237959
237960
237961
237962
237963
237964
237965
237966
237967
237968
237969
237970
237971
237972
237973
237974
237975
237976
237977
237978
237979
237980
237982
237983
237984
237985
237986
237987
237988
237989
237990
237991
237992
237993
237994
237995
237996
237997
237998
237999
238000
238371
238372
238373
238374
238375
238376
238377
238378
238379
238380
238381
238384
238386
238387
238388
238389
238390
238391
238392
238393
238394
238395
238396
238397
238398
238399
238400
238401
238402
238403
238404
238405
238406
238407
238408
238409
238410
238411
238412
238413
238414
238415
238416
238417
238418
238419
238420
238421
238422
238423
238424
238425
238426
238427
238428
238429
238430
238431
238432
238433
238434
238435
238436
238437
238438
238439
238440
238441
238442
238443
238444
238445
238446
238447
238448
238449
238450
238451
238452
238453
238454
238455
238456
238457
238458
238459
238460
238461
238462
238463
238464
238465
238466
238467
238468
238469
238470
238471
238472
238473
238474
238475
238476
238477
238478
238479
238480
238481
238482
238483
238484
238485
238486
238487
238489
238490
238491
238492
238494
238495
238497
238499
238501
238503
238504
238505
238506
238507
238508
238509
238510
238511
238512
238513
238514
238515
238516
238517
238518
238519
238520
238521
238522
238523
238524
238525
238526
238527
238528
238529
238530
238538
238539
238540
238541
238652
238653
238654
238655
238656
238657
238658
238659
238660
238661
238662
238663
238665
238666
238667
238668
239230
239231
241334
242129
242130
242131
242132
244349
245409
246411
246479
246485
247601
247602
247879
248339
248340
248341
248342
248343
248344
248345
248346
248347
248348
248349
248350
248351
248352
248353
248354
248355
248356
248357
248358
248359
248360
248361
248362
248363
248364
248365
248366
248367
248368
248369
248370
248371
248372
248373
248374
248375
248376
248377
248378
248379
248380
248381
248382
248383
248384
248385
248386
248387
248388
248389
248390
248391
248392
248393
248394
248395
248396
248397
248398
248399
248400
248401
248402
248403
248404
248405
248406
248407
248408
248409
248410
248411
248412
248413
248414
248415
248416
248417
248418
248419
248420
248421
248422
248423
248424
248425
248426
248427
248428
248429
248430
248431
248432
248433
248434
248435
248436
248437
248438
248439
248440
248441
248442
248443
248444
248445
248446
248447
248448
248449
248450
248451
248452
248453
248454
248455
248456
248457
248458
248459
248460
248461
248462
248463
248464
248465
248466
248467
248468
248469
248470
248471
248472
248473
248474
248475
248476
248477
248478
248479
248480
248481
248482
248483
248484
248485
248486
248487
248488
248489
248490
248491
248492
248493
248494
248495
248496
248497
248498
248499
248500
248501
248502
248503
248504
248505
248506
248507
248508
248509
248510
248511
248512
248513
248514
248515
248516
248517
248518
248519
248520
248521
248522
248523
248524
248525
248526
248527
248528
248529
248530
248531
248532
248533
248534
248535
248536
248537
248538
248539
248540
248541
248542
248543
248544
248545
248546
248547
248548
248550
248551
248552
248553
248554
248556
248557
248558
248559
248560
248561
248563
248567
249038
250013
250014
250016
250018
250019
250020
250021
250022
250023
250024
250025
250026
250027
250028
250029
250031
250282
250511
251042
251046
251171
251172
251173
251174
251175
251176
251177
251178
251238
251239
251878
252656
252657
252658
253011
253018
253019
253020
253021
254685
254686
254687
255973
255974
255975
255976
255977
255978
256168
257321
257322
257325
257326
257327
257328
257645
257804
258331
258332
258333
258334
260135
260136
260137
260138
260843
261310
261311
261312
261313
261314
261315
261316
261317
261318
261319
261320
261321
261322
261323
261324
261325
261326
261327
261328
261329
261330
261331
261332
261333
261334
261335
261336
261337
261338
261339
261340
261341
261342
261343
261344
261345
261346
261347
261348
261349
261350
261351
261352
261353
261354
261355
261356
261357
261358
261359
261360
261361
261362
261363
261364
261365
261366
261367
261368
261369
261370
261371
261372
261373
261374
261375
261376
261377
261378
261379
261380
261381
261382
261383
261384
261385
261386
261387
261388
261389
261390
261391
261392
261393
261394
261395
261396
261397
261398
261399
261400
261401
261402
261403
261404
261405
261406
261407
261408
261409
261410
261411
261412
261413
261414
261415
261416
261417
261418
261419
261420
261421
261422
261423
261424
261425
261426
261427
261428
261429
261430
261431
261432
261433
261434
261435
261436
261437
261438
261439
261440
261441
261442
261443
261444
261445
261446
261447
261448
261449
261450
261451
261452
261453
261454
261455
261456
261457
261458
261459
261460
261461
261462
261463
261464
261465
261466
261467
261468
261469
261470
261471
261472
261473
261474
261475
261476
261477
261478
261479
261480
261481
261482
261483
261484
261485
261486
261487
261488
261489
261491
261492
261493
261494
261495
261496
261497
261498
261499
261500
261501
261502
261503
261504
261505
261506
261507
261508
261509
261510
261511
261512
261513
261514
261515
261516
261517
261518
261519
261520
261521
261522
261523
261524
261525
261526
261527
261528
261529
261801
262423
262424
262425
262426
262427
262428
262446
262447
262449
262452
262453
262454
262455
262456
262457
262460
262461
262462
262464
262468
262469
262471
262472
262473
262475
262480
262481
262482
262483
262484
262485
262492
262494
262496
262497
262499
262501
262502
262503
262504
262505
262507
262508
262509
262511
262512
262513
262514
262515
262516
262518
262519
262521
262522
262523
262524
262525
262526
262527
262528
262529
262530
262531
262532
262533
262534
262535
262536
262537
262538
262539
262540
262541
262542
262543
262544
262545
262546
262547
262548
262549
262550
262551
262552
262553
262554
262555
262556
262557
262558
262559
262581
262583
262584
262585
262959
262960
262961
262962
262963
262966
264275
264276
264817
264818
264819
265287
265436
265437
265438
265450
265451
265452
267832
267834
267836
268386
268387
268388
268463
268464
268465
268466
270485
270486
270487
270488
270489
270490
270491
270496
270498
270508
270768
270887
270888
270889
270890
270891
270892
270893
270894
270895
270896
270897
270898
270899
270900
270901
270902
270903
270904
270905
270906
270907
270908
270909
270910
270911
270912
270913
270914
270915
270916
270917
270918
270919
270920
270921
270922
270923
270924
270925
270926
270927
270928
270929
270930
270931
270932
270933
270934
270935
270936
270937
270938
270939
270940
270941
270942
270943
270944
270945
270946
270947
270948
270949
270950
270951
270952
270953
270954
270955
270956
270957
270958
270959
270960
270961
270962
270963
270964
270965
270966
270967
270968
270969
270970
270971
270972
270973
270974
270975
270976
270977
270978
270979
270980
270981
270982
270983
270984
270985
270986
270987
270988
270989
270990
270991
270992
270993
270994
270995
270996
270997
270998
270999
271000
271001
271002
271003
271004
271005
271006
271007
271008
271009
271010
271011
271012
271013
271014
271015
271016
271017
271018
271019
271020
271021
271022
271023
271024
271025
271026
271027
271028
271029
271030
271031
271032
271033
271034
271035
271036
271037
271038
271039
271040
271041
271042
271043
271044
271045
271046
271047
271048
271049
271050
271051
271052
271053
271054
271055
271056
271057
271058
271059
271060
271061
271062
271063
271064
271065
271066
271067
271068
271069
271070
271071
271072
271073
271074
271075
271076
271077
271078
271079
271080
271081
271082
271083
271084
271085
271086
271087
271088
271089
271090
271091
271092
271093
271094
271095
271096
271097
271098
271099
271100
271101
271102
271103
271104
271105
271106
271107
271108
271109
271110
271111
271112
271113
271114
271115
271116
271117
271118
271119
271120
271121
271122
271123
271124
271125
271126
271127
271128
271129
271130
271131
271132
271133
271134
271135
271136
271137
271138
271139
271140
271141
271142
271143
271144
271145
271146
271147
271148
271149
271150
271151
271152
271153
271154
271155
271156
271157
271158
271159
271160
271161
271162
271163
271164
271165
271166
271167
271168
271169
271170
271171
271172
271173
271174
271175
271176
271177
271178
271179
271180
271181
271182
271183
271184
271185
271186
271187
271188
271189
271190
271191
271192
271193
271194
271195
271196
271197
271198
271199
271200
271201
271202
271203
271204
271205
271206
271207
271208
271209
271210
271211
271212
271213
271214
271215
271216
271217
271218
271219
271220
271221
271222
271223
271224
271225
271226
271227
271228
271229
271230
271231
271232
271233
271234
271235
271236
271237
271238
271239
271240
271241
271242
271243
271244
271245
271246
271247
271248
271249
271250
271251
271252
271253
271254
271255
271256
271257
271258
271259
271260
271261
271262
271263
271264
271265
271266
271267
271268
271269
271270
271271
271272
271273
271274
271275
271276
271277
271278
271279
271280
271281
271282
271283
271284
271285
271286
271287
271288
271289
271290
271291
271292
271293
271294
271295
271296
271297
271298
271299
271300
271301
271302
271303
271304
271305
271306
271307
271308
271309
271310
271311
271312
271313
272386
273112
273113
273118
273120
273122
273123
273125
273127
273129
273131
273132
273135
273137
273139
273140
273141
273142
273143
273144
273145
273146
273147
273148
273149
273150
273151
273152
273153
273165
273166
273167
273168
273169
273170
273171
273172
273173
273174
273175
273176
273177
273178
273179
273180
273181
273182
273183
273184
273185
273186
273187
273188
273189
273190
273191
273923
273924
273925
274330
274331
274334
274336
274337
274338
274349
274356
274363
274390
274391
274393
274394
274395
274396
274397
274398
274399
274400
274401
274402
274403
274404
274405
274406
274407
274408
274409
274410
274411
274437
274490
274491
274493
274494
274495
274497
274499
274500
274508
274510
274515
274517
274524
274525
274526
274732
274733
274734
274735
274736
274738
274739
274745
274746
274749
274750
274752
274757
274758
274760
274767
274783
274787
274788
274809
275098
275099
275101
275102
275103
275104
275224
275225
275226
275227
275231
275232
275233
275234
275238
275239
275240
275413
275415
275416
275417
275532
275533
275534
275535
275536
275537
275538
275539
275540
275541
275542
275543
275544
275545
275546
275547
275548
275549
275550
275551
275552
275553
275554
275555
275606
275607
275608
275609
275610
275611
275612
275613
275614
275615
275616
275617
275618
275619
275620
275621
275622
275623
275624
275625
275626
275627
275628
275629
275630
275631
275632
275633
275634
275635
275636
275637
275638
275639
275640
275641
275642
275643
275644
275645
275646
275647
275648
275649
275650
275651
275652
275653
275654
275655
275656
275657
275658
275659
275660
275661
275662
275663
275664
275665
275666
275667
275668
275669
275670
275671
275672
275673
275674
275675
275676
275677
275678
275679
275680
275681
275682
275683
275684
275685
275686
275687
275688
275689
275690
275691
275692
275693
275694
275695
275696
275697
275698
275699
275701
275702
275703
275704
275705
275706
275707
275708
275709
275710
275711
275712
275713
275714
275716
275717
275718
275719
275720
275721
275723
275724
275725
275726
275727
275728
275729
275730
275731
275732
275733
275734
275735
275736
275737
275738
275739
275740
275741
275742
275743
275744
275745
275748
275749
275752
275757
275759
275834
275835
275836
275837
275838
275839
275840
275841
276806
276807
276811
276813
276814
276815
276816
276817
276818
276819
276820
276822
276825
276826
276827
276829
276830
276831
276832
276833
276834
276835
276837
276838
276839
276841
276842
276843
276844
276845
276846
276847
276848
276849
276850
276851
276852
276853
276854
276855
276856
276857
276858
276859
276861
276862
276864
276865
276866
276867
276868
276871
276872
277332
277333
278399
278400
278634
278635
278636
278637
278638
278639
278640
278644
278915
278916
278917
278918
278919
278920
278921
278923
278925
278926
278927
278930
278936
278952
278954
278955
278957
279254
279255
280873
281398
281399
281400
281401
284987
286937
286938
286939
286940
391154
391834
449743
450668
451147
453162
453163
453164
453166
453167
453168
453169
453170
453171
453172
453173
453174
453175
453176
453177
453178
453179
453180
453181
453182
453183
453184
453185
453186
453187
453188
453189
453190
453191
453192
453193
453194
453195
453196
453197
453198
453199
453200
453201
453202
453203
453204
453205
453206
453208
453209
453210
453212
453213
453214
453215
453216
453217
453218
453219
453220
453221
453222
453223
453224
453225
453226
453227
453228
453229
453231
453232
453233
453234
453235
453236
453237
453238
453239
453240
453241
453242
453243
453244
453245
453246
453247
453248
453249
453250
453252
453253
453254
453255
453256
453257
453258
453259
453260
453261
453262
453263
453264
453265
453266
453267
453268
453269
453270
453271
453272
453274
453275
453276
453277
453278
453279
453280
453281
453282
453283
453284
453285
453286
453287
453288
453289
453290
453291
453292
453293
453294
453295
453296
453297
453298
453299
453300
453301
453302
453303
453304
453305
453306
453307
453308
453309
453310
453311
453312
453313
453314
453315
453316
453317
453318
453319
453320
453321
453322
453323
453324
453325
453326
453327
453328
453329
453330
453331
453332
453333
453334
453335
453336
453337
453338
453339
453340
453341
453342
453343
453344
453345
453346
453347
453348
453349
453350
453351
453352
453353
453354
453355
453356
453357
453358
453359
453360
453361
453362
453363
453364
453365
453366
453367
453368
453369
453370
453371
453372
453373
453374
453375
453376
453377
453378
453379
453380
453381
453382
453383
453384
453385
453386
453387
453388
453389
453390
453391
453392
453393
453394
453395
453396
453397
453398
453399
453400
453401
453402
453403
453404
453405
453406
453407
453408
453409
453410
453411
453412
453413
453414
453415
453416
453417
453418
453419
453420
453421
453422
453423
454208
454209
454210
454211
454212
454268
454375
454376
454380
454852
454853
454854
454855
454856
454857
454858
454912
455803
457320
457321
457322
476163
476165
476166
476365
476379
476380
477242
477333
478237
478374
478375
478376
479360
481568
481569
481570
482366
482369
483624
483625
483626
486562
486569
486673
486766
487157
487158
487169
487171
487172
487174
487175
487179
487183
487185
487187
487188
487190
487191
487201
487202
487214
487216
487218
487220
487361
487362
487365
487369
487380
487388
487389
487390
487391
487392
487393
487799
487800
487801
488334
488335
488336
488337
488338
488339
488340
488341
488342
488343
488344
488345
488346
488347
488348
488349
488350
488351
488352
488353
488354
488355
488356
488357
488358
488359
488360
488361
488362
488363
488364
488365
488366
488367
488368
488369
488370
488371
488372
488373
488374
488375
488376
488377
488378
488379
488380
488381
488382
488383
488384
488385
488389
488390
488391
488392
488393
488394
488395
488396
488397
488398
488399
488400
488401
488402
488403
488404
488405
488406
488407
488408
488409
488410
488411
488412
488413
488414
488415
488416
488417
488418
488419
488420
488421
488422
488423
488424
488425
488426
488427
488428
488429
488430
488431
488432
488433
488434
488435
488436
488437
488438
488439
488440
488441
488442
488443
488444
488445
488446
488447
488448
488449
488450
488451
488452
488453
488454
488455
488456
488457
488458
488460
488461
488463
488464
488465
488466
488467
488468
488469
488470
488471
488472
488473
488474
488475
488476
488477
488478
488479
488480
488482
488484
488485
488486
488488
488489
488490
488492
488493
488494
488495
488496
488497
488498
488499
488500
488501
488502
488503
488504
488505
488506
488507
488508
488509
488510
488511
488512
488513
488514
488515
488516
488517
488518
488519
488520
488521
488522
488523
488524
488525
488526
488527
488528
488529
488530
488531
488532
488533
488534
488535
488536
488537
488538
488539
488540
488541
488542
488796
489116
489117
489118
489119
489120
489121
489122
489123
489124
489125
489126
489127
489128
489129
489130
489131
489132
489133
489134
489135
489136
489137
489138
489139
489140
489141
489142
489143
489144
489145
489146
489147
489148
489149
489150
489151
489152
489153
489154
489155
489156
489157
489158
489159
489160
489161
489162
489163
489164
489165
489166
489167
489168
489169
489170
489171
489172
489173
489174
489175
489176
489177
489178
489179
489180
489181
489182
489183
489184
489185
489186
489187
489188
489189
489190
489191
489192
489193
489194
489195
489196
489197
489198
489199
489200
489201
489202
489203
489205
489206
489208
489209
489210
489211
489212
489213
489215
489216
489217
489218
489220
489222
489223
489224
489225
489226
489227
489228
489229
489230
489231
489232
489233
489234
489235
489236
489237
489238
489239
489240
489241
489242
489243
489244
489245
489246
489247
489248
489249
489250
489251
489252
489253
489254
489255
489256
489257
489258
489259
489260
489261
489262
489263
489264
489265
489266
489267
489268
489269
489270
489271
489272
489273
489275
489277
489278
489279
489280
489281
489282
489284
489285
489287
489288
489290
489292
489295
489297
489299
489301
489302
489305
489990
489994
489996
490521
492142
492728
492729
492730
492731
493521
493522
495266
495291
495527
495529
495530
495531
495532
495536
495538
495669
495670
495671
495983
497987
497988
497989
497990
497991
497992
497993
497994
497996
497997
497998
497999
498001
498002
500678
500679
500680
500681
500685
500688
500691
500695
500703
500712
500714
500717
500719
500721
500722
500725
500727
500728
500730
500840
500844
500845
500846
501427
501429
501481
501482
501483
501737
501738
501739
501740
501741
501974
502591
502592
502594
502595
502596
502597
502598
502599
502600
502602
502603
502606
502618
502619
502620
502621
502622
502623
502710
502711
502712
502713
502714
502715
502716
502717
502718
502719
502720
502721
502722
502723
502724
502725
502726
502727
502728
502729
502730
502731
502732
502733
502734
502735
502736
502737
502738
502739
502740
502741
502742
502743
502744
502745
502746
502747
502748
502749
502750
502751
502752
502753
502754
502755
502756
502757
502758
502759
502760
502761
502762
502763
502764
502765
502766
502767
502768
502769
502770
502771
502772
502773
502774
502775
502776
502777
502778
502779
502780
502781
502782
502783
502784
502785
502786
502787
502788
502789
502790
502791
502792
502793
502794
502795
502796
502797
502798
502799
502800
502801
502802
502803
502804
502805
502806
502807
502808
502809
502810
502811
502812
502813
502814
502816
502817
502818
502819
502820
502821
502822
502823
502824
502825
502826
502827
502828
502829
502830
502831
502832
502833
502834
502835
502836
502837
502838
502839
502840
502841
502842
502843
502844
502845
502846
502847
502848
502849
502850
502851
502852
502853
502854
502855
502856
502857
502858
502859
502860
502861
502862
502863
502864
502865
502866
502867
502868
502869
502870
502871
502872
502873
502874
502875
502876
502877
502878
502879
502880
502881
502882
502883
502884
502885
502886
502887
502888
502889
502890
502891
502892
502893
502894
502895
502896
502897
502898
502899
502900
502901
502902
502903
502904
502905
502906
502907
502908
502909
502910
502911
502912
502913
502914
502915
502916
502917
502918
502919
502920
502921
502923
502925
502927
502928
502931
502932
502934
502936
502937
502953
503259
503266
503270
503276
503277
503282
503284
503288
503310
503311
503312
504520
504521
504524
504713
505074
509205
509206
509208
510033
510038
510040
510043
510045
510048
510050
510051
511838
511839
511842
511843
511844
511845
512721
512723
512726
512733
512818
512819
512824
512837
512839
512840
512841
512842
512843
512844
514105
514106
514107
514108
514109
514110
514111
514112
514113
514114
514115
514125
514127
514131
516550
516945
517121
517122
517123
517124
517125
517126
517198
517199
517203
517204
517205
517206
517207
517208
517209
517262
517263
517264
517297
517299
517312
517315
517318
517323
517337
517341
517344
517349
517350
517355
517357
517359
517375
517382
517386
517396
517398
517400
517405
517408
517410
517414
517416
517430
517431
517432
517433
517436
517440
517445
517456
517457
517459
517460
517461
517462
517463
517464
517465
517466
517467
517468
517469
517470
517471
517472
517473
517474
517475
517479
517480
517481
517482
517483
517484
517485
517486
517487
517488
517489
517490
517491
517492
517493
517494
517495
517496
517497
517498
517499
517503
517506
517509
517511
517512
517559
517568
517570
517572
517575
517576
517577
517580
517582
517583
517585
517586
517589
517590
517598
517601
517604
517611
517615
517616
517618
517620
517622
517624
517628
517629
517630
517631
517632
517633
517634
517635
517637
517638
517639
517641
517645
517647
517652
517653
517654
517655
517670
517671
517672
517675
517723
517731
517732
517734
517736
517737
517738
517740
517741
517743
517745
517746
517747
517749
517750
517751
517752
517753
517771
517773
517774
517791
517795
517797
517799
517800
517804
517807
517808
517810
517812
517814
517816
517819
517835
517836
517837
517840
517842
517844
517846
517848
517849
517854
517855
517865
517866
517870
517873
517879
517881
517883
517884
517887
518237
518238
518239
518240
518242
518243
518244
518245
518246
518247
518248
518249
518250
518251
518252
518253
518254
518255
518256
518257
518258
518259
518260
518262
518263
518264
518265
518266
518267
518268
518269
518270
518271
518272
518273
518274
518275
518276
518277
518278
518279
518280
518281
518282
518283
518284
518285
518286
518287
518288
518289
518290
518291
518292
518293
518294
518295
518296
518297
518298
518299
518300
518301
518302
518303
518304
518305
518306
518307
518308
518309
518310
518311
518312
518313
518314
518315
518316
518317
518318
518319
518320
518321
518322
518323
518324
518325
518326
518327
518328
518329
518330
518331
518332
518333
518334
518335
518336
518337
518338
518339
518340
518341
518342
518343
518344
518345
518346
518347
518348
518350
518351
518352
518353
518354
518356
518358
518361
518362
518363
518364
518365
518366
518367
518368
518369
518370
518371
518372
518373
518374
518375
518376
518377
518378
518379
518380
518381
518382
518383
518384
518385
518386
518387
518388
518389
518390
518391
518392
518393
518394
518395
518421
518422
518423
518424
518425
518427
518428
518430
518431
518433
518435
518462
518463
518465
518466
518467
518468
518469
518470
518471
518472
518473
518474
518475
518476
518477
518478
518481
518483
518532
518533
518648
518649
518651
518652
518653
518654
518854
518855
518856
519486
519487
519488
519489
521661
521662
521663
521664
524401
524402
525182
525183
526130
526133
526142
526144
526145
528088
528089
528090
528091
528092
528093
528094
528095
528096
528097
528098
528297
528298
528299
528300
528301
528302
528303
528478
528479
529187
529302
529304
529318
529319
529735
529737
529738
529739
531871
531872
531873
531874
531876
531877
531878
531880
531881
532013
532014
532015
532016
532021
532022
532023
532024
532124
532468
532815
533023
533024
533025
533026
533027
533028
533029
533030
533031
533032
533033
533034
533035
533036
533037
533038
533039
533040
533041
533042
533043
533044
533045
533046
533047
533048
533049
533050
533051
533092
533448
533449
533450
533451
533452
533453
533454
533455
533456
533457
533458
533459
533460
533461
533462
533463
533464
533465
533466
533467
533468
533469
533470
533471
533472
533473
533474
533475
533476
533477
533478
533479
533480
533481
533482
533483
533484
533485
533486
533487
533488
533489
533490
533491
533492
533493
533494
533495
533496
533497
533498
533499
533500
533501
533502
533503
533504
533505
533506
533507
533508
533509
533510
533511
533512
533513
533514
533515
533516
533517
533518
533519
533520
533521
533522
533523
533524
533525
533526
533527
533528
533529
533530
533531
533532
533533
533534
533535
533536
533537
533538
533539
533541
533542
533543
533544
533545
533546
533547
533548
533549
533550
533551
533552
533553
533554
533555
533556
533557
533558
533559
533560
533561
533562
533563
533564
533565
533566
533567
533568
533569
533570
533571
533572
533573
533574
533575
533576
533577
533578
533579
533580
533581
533582
533583
533584
533585
533586
533587
533588
533589
533590
533591
533592
533593
533594
533595
533596
533597
533598
533599
533600
533601
533602
533603
533604
533605
533606
533607
533608
533609
533610
533611
533612
533613
533614
533615
533616
533617
533618
533619
533620
533621
533622
533623
533624
533625
533626
533627
533628
533629
533630
533631
533632
533633
533634
533635
533636
533637
533638
533639
536214
536217
536218
536618
536713
536714
536738
536741
536746
536749
536760
536768
536790
536795
536804
536816
537188
537189
537190
537191
537192
537193
537194
537195
537196
537197
537198
537199
537200
537201
537202
537203
537204
537205
537206
537207
537208
537209
537210
537211
537212
537213
537214
537215
537216
537217
537219
537220
537221
537222
537223
537224
537225
537226
537227
537228
537229
537230
537231
537232
537233
537234
537235
537236
537237
537238
537239
537240
537241
537242
537243
537244
537245
537246
537247
537248
537249
537250
537251
537252
537253
537254
537255
537256
537257
537258
537259
537260
537261
537262
537263
537264
537265
537266
537267
537268
537269
537270
537271
537272
537273
537274
537275
537276
537277
537278
537279
537280
537281
537282
537283
537284
537285
537286
537287
537288
537289
537290
537291
537292
537293
537294
537295
537296
537297
537298
537299
537300
537301
537302
537303
537304
537305
537306
537307
537308
537309
537310
537311
537312
537313
537314
537315
537316
537317
537318
537319
537320
537321
537322
537323
537324
537325
537326
537327
537328
537329
537330
537331
537332
537333
537334
537335
537336
537337
537338
537339
537340
537341
537342
537343
537344
537345
537346
537347
537348
537349
537350
537351
537352
537353
537354
537355
537356
537357
537358
537359
537360
537361
537362
537363
537364
537365
537366
537810
537811
537812
537813
537814
537815
537816
538436
538437
538438
538440
538441
538443
538444
538445
538446
538448
538459
538460
538469
538470
538471
538653
540134
542182
542190
542193
542194
542196
542262
542263
542265
542272
542273
542274
542277
542279
542281
542284
542285
542292
542293
542294
542296
542297
542300
